0
19
37
54
70
85
99
112
124
135
145
154
162
169
175
180
1
20
38
55
71
86
100
113
125
136
146
155
163
170
176
181
2
21
39
56
72
87
101
114
126
137
147
156
164
171
177
182
3
22
40
57
73
88
102
115
127
138
148
157
165
172
178
183
4
23
41
58
74
89
103
116
128
139
149
158
166
173
179
5
24
42
59
75
90
104
117
129
140
150
159
167
174
6
25
43
60
76
91
105
118
130
141
151
160
168
7
26
44
61
77
92
106
119
131
142
152
161
8
27
45
62
78
93
107
120
132
143
153
9
28
46
63
79
94
108
121
133
144
10
29
47
64
80
95
109
122
134
11
30
48
65
81
96
110
123
12
31
49
66
82
97
111
13
32
50
67
83
98
14
33
51
68
84
15
34
52
69
16
35
53
17
36
18
