1
3
8
13
14
18
19
20
22
25
28
36
39
43
44
45
47
48
50
52
53
55
56
59
60
61
63
64
65
66
70
71
75
76
77
81
82
83
85
87
89
92
95
98
100
102
104
105
107
109
112
113
114
116
117
120
121
123
126
128
132
133
134
2
4
9
15
21
23
26
29
37
40
46
49
51
54
57
62
67
72
78
84
86
88
90
93
96
99
101
103
106
108
110
115
118
122
124
127
129
135
0
5
10
16
24
27
30
38
41
58
68
73
79
91
94
97
111
119
125
130
136
6
11
17
31
42
69
74
80
131
137
7
12
32
138
33
139
34
140
35
141
142
143
144
145
146
147
148
149
150
151
152
153
154
155
156
157
